2173
2242
2287
39152
43080
69014
70601
79929
178306
186497
187420
188937
190192
192952
224325
228908
243232
246969
259564
263820
269797
272557
272569
272844
273063
273075
273116
309800
323259
330779
338192
339860
340102
342949
348780
349307
362976
368407
368408
384616
391623
397948
399549
399550
406327
410358
410359
415426
416348
419665
444157
453591
456320
456442
469382
485914
490899
519442
521011
523846
523850
529709
543526
547558
547559
572478
572546
573063
573064
579137
583356
589924
591019
593117
604354
633148
634498
644281
644295
647113
679926
693661
765177
795797
797210
868131
880724
933801
985053
999630
1006006