9
158
160
173
197
210
228
263
274
317
446
485
542
562
623
770
813
851
876
1076
1148
1219
1229
1314
1488
1502
1590
1747
1769
2039
29459
32046
34105
36870
38289
49338
62928
62977
66692
74109
83555
100226
106370
134821
146919
159087
167879
194439
196164
197221
203907
204669
212042
216389
216816
221109
224324
233412
234267
235279
235909
243164
243230
243233
243273
243274
243365
246194
247156
251221
255470
257309
257363
259536
264198
264462
264732
265311
265606
266835
267748
269484
269796
269800
272558
272633
279238
281090
283165
283942
290400
290434
290633
291272
292415
314225
314261
314315
316279
317025
321332
322098
323098
323848
338963
340177
349521
351604
391009
436114
479434
521674