868132 325957759                                      
523846 312136230                                      
79929 304313778                                      
634498 288559258                                      
2173 148642060                                      
339860 84488831                                      
868131 333986242                                      
187420 15678031                                      
933801 332795693                                      
272557 118430835                                      
397948 159040592                                      
490899 218883314                                      
765177 320100209                                      
415426 124026906                                      
583356 305662445                                      
453591 156936795          
1006006 330833867          
399549 146302785          
178306 18311643          
340102 145590267          
410359 126458628          
384616 119871520          
591019 297526028          
399550 126464913          
330779 70605853          
43080 227829020          
2287 384432549          
273063 24473558          
633148 296241748          
444157 171184485          
368408 119718918          
999630 327309922          
572478 307594149          
985053 325967528          
419665 150400439          
573064 256809973          
644281 289191496          
880724 333909894          
573063 296108688          
243232 15668172          
39152 134045046          
647113 336121001          
406327 150398760          
456320 297618528          
579137 261402131          
795797 300709370          
797209 322367817          
469382 313124788          
416348 222475682 222478439         
272569 55380074 55376942         
485914 257386085          
2242 15789340          
543526 284163295          
519442 257051090          
309800 292654178          
362976 110666976          
797210 336252096          
547559 289579696          
348780 76800655          
190192 20093440          
228908 38349555          
333146 254039534          
263820 48477072          
273075 16081186        
273116 13540831        
188937 20088899        
269797 73667559        
456442 154149549        
259564 91772082        
644295 298673978        
323259 88601322        
410358 124484829        
547558 294494690        
368407 126177952        
192952 21226102        
521011 219850687        
679926 307352168        
349307 116753325        
224325 11497621        
572546 284161128          
693661 327399920          
589924 288930407          
272844 14518450          
186497 18976372          
70601 14589963          
342949 332157643          
529709 337283511          
246969 350525682          
391623 315229765          
593117 240102057          
69014 57639935          
523850 212223144          
604354 242397997          
338192 161527512          
62928 119896292          
269483 78060853 78064658 78059643        
243365 34495455          
159087 71905642          
485 59800473          
323848 82701135          
264198 73539706 73537298         
292415 74316018          
216816 58036264          
257309 38232642          
196164 25026556          
38289 68535062          
106370 86738724          
281090 50953925          
1769 15826865          
247156 54021964          
1747 50841496          
100226 32141095                                      
269800 72160406                                      
2039 28572175                                      
264462 42521650                                      
876 376294792                                      
351604 148262085                                      
338963 90960985                                      
66692 56961782                                      
272558 57596592                                      
246194 78042616                                      
1488 15893298                                      
1502 18308982                                      
49338 89892746                                      
235909 56418535                                      
1590 380031102                                      
314315 81427616                                      
264732 83588874          
221109 23097455          
1314 15674250          
62977 50083297          
203907 33519483          
291272 71891793          
9 15616630          
167879 71277742          
562 387605479          
263 156501369          
233412 33151282          
349521 83642913          
283942 56459112          
446 54292964          
243233 77128441          
1229 77163561          
74109 54301680 54307237         
228 77358982 77361923         
317 71733195          
259536 71064581          
623 30061571          
317025 118139508          
36870 32490749          
243274 15642775          
391009 150019913          
204669 94967031          
234267 116619145          
770 56416370          
212042 88606690          
283165 49473688          
29459 225851546 225685871         
269484 73666633          
314225 85372828          
290633 58038491          
290400 89052491          
266835 57165207          
323098 75674199          
279238 87198026          
314261 71082709          
1076 39933080          
269796 83591340          
1063 77464988 77461965         
257363 51473215          
542 283856168          
197 57236892          
235279 32265499          
210 15644634          
251221 37519569          
1219 33239452          
316279 78183584          
32046 56750010          
321332 86607503          
1148 16329170          
197221 22297544          
521674 296120274          
265606 32470666          
224324 15282445          
436114 188995955          
340177 78187984          
194439 21672841          
290434 51598263          
173 45655585 45655914         
158 42516522          
160 15638995          
322098 85057280          
265311 50364815          
243273 108885074          
267748 47458835          
272633 26553452          
134821 13357558          
851 19703352          
34105 269122800          
243230 15807672 15805042         
274 46198308          
216389 147668652          
255470 73747956          
243164 57233530          
479434 269836033 269928379         
83555 62184647          
813 76788711          
402612 150024114               
146919 83814055               
5478 302309615 50295398 50295399 50295400 302309712 50295402 50295403 50295404 302309789 302309816 302309845 302309890 302309917   
5207 58271746 58271752 58271753 58272421 58272422 58272423 58272424 58272473 58273487 58271747 58271748 58271749 58271750 58271751  
4959 294654890 294655529 294656221 294657026 294658047 294659186 294660179         
6035 19075012 17158045 17158046 17158047 17158048 17158049 17158050 17158051 19173120 17158052 17158053     
33169 302306376 302306820 302307131 319430409 302308410 302309104 302309598         
28985 50313006 50313007 50313008 50313009 50313010 50313011          
318829 389627018 389636454 389631223 389640083 389643024 389645651 389647778         
5141 na               
4932 330443391 330443482 330443489 330443520 330443531 330443543 330443578 330443590 330443595 330443638 330443667 330443681 330443688 330443715 330443743 330443753
4924 126276504 126212629 126212630 126212631 126212632 126212633 126212634 126212635        
4896 162312575 162312348 63054406             
237631 na               
4952 50557456 50557457 50557461 50557462 50724539 50557458          
5865 na               
5833 23613362 23593254 23957709 23509994 23613028 86176855 296004920 296005143 23613523 258549100 258549151 258549170 296005645 258549241 11466244
5850 221052429 221052518 221052919 221053276 221053851 221054320 221055007 221055780 221056701 221057348 221058331 221059746 221060675 221062060 
352914 na              
5911 na              
44689 269316041 269316197 269316192 269316187 269316126 269316049         
261658 na              
81972 na              
3702 240254421 240254678 240255695 240256243 240256493          
161934 na              
15368 289163340 289163339 289163338 289163337 289163336          
3708 na              
3712 na              
3711 na              
3719 na              
3055 na              
554065 na              
248742 na                   
3369 na                   
3656 na                   
3659 na                   
4039 na                   
3847 353336050 353336049 353336048 353336047 353336046 353336045 353336044 353336043 353336042 353336041 353336040 353336039 353336038 353336037 353336036 353336035 353336034 353336033 353336032 353336031
3635 na                   
4232 na                   
112509 na                   
4236 na                   
34305 na                   
3880 357521745 357521756 357521765 357521768 357521778 357521773 357521775 357521776            
38833 na                   
4097 na                   
4146 na                   
4529 na                   
4530 297598437 297600179 297602023 297603645 297605017 297606578 297607852 297609017 297610002 297611005 297612483 297613623         
242159 145332404 145324183 145324926 145325478 145326113 145326699 145327252 145327766 145328291 145328753 145329217 145329622 145330004 145330377 145330714 145331134 145331450 145331755 145335444 145335532 145332029
70448 308799880 308801197 308802408 308803569 308804604 308805589 308806520 308807359 308808250 308808985 308809688 308810325 308810325 308811671 308812286 308812907 308813450 308813879 308814152  
3885 na                    
3218 na                    
3332 na                    
3339 na                    
3888 na                    
3694 116256298 116256317 116256318 116256319 116256320 116256301 116256302 116256303 116256304 116256305 116256306 116256307 116256308 116256309 116256310 116256311 116256312 116256313 116256300  
3988 na                    
88036 na                    
37657 na                    
4081 na                    
4113 na                    
4558 242042636 242051421 242060088 242067135 242072114 242077817 242082450 242086505 242091636 242097191           
3562 na                    
3641 na                            
4565 na                            
29760 357773492 357773491 357773490 357773489 357773488 357773487 357773486 357773485 357773484 357773483 357773482 357773481 357773480 357772479 357771478 357771477 357771476 357771475 357771474          
3067 na                            
4577 414864194 414584696 414875515 408832102 408832077 408831909 414883281 408831849 408831499 408831491                   
2880 na                            
403677 na                            
7029 na                            
7159 na                            
9646 na                            
28377 315422585 315422584 315422583 315422582 315422581 315422580 315422579 315422578 315422577 315422576 315422575 315422574 315422573                
7165 119024588 119024590 222477062 119024589 222478438                        
7460 323388987 323388986 323388985 323388984 323388983 323388982 323388981 323388980 323388979 323388978 323388977 323388976 323388975 323388974 323388973 323388972 5834925            
9913 258517435 258513365 258513364 258513363 258513362 258513361 258513360 258513359 258513358 258513357 258513356 258513355 258513354 258513353 258513352 258513351 258513350 258513349 258513348 258513346 258513345 258513344 258513343 258513342 258513341 258513340 258513339 258513338 258513337
6238 268570409 268549624 268576415 268554116 268562702 268582150                       
6239 392973735 392973738 392976480 392973747 392973745 392976478                       
9615 357579630 357579629 357579628 357579627 357579626 357579625 357579624 357579623 357579622 357579621 357579620 357579619 357579618 357579617 357579616 357579615 357579614 357579613 357579612 357579611 357579610 357579609 357579608 357579607 357579606 357579605 357579604 357579603 357579602 357579601 357579600 357579599 357579598 357579597 357579596 357579595 357579594 357579593 357579592
7955 312144705 312144706 312144707 312144708 312144709 312144710 312144711 312144712 312144713 312144714 312144715 312144716 312144717 312144718 312144719 312144720 312144721 312144722 312144723 312144724 312144725 312144726 312144727 312144728 312144729              
7227 116010291 116010444 116010442 116010443 56411841 116010290                                 
9796 194246357 194246371 194246382 194246385 194246386 194246387 194246388 194246389 194246401 194246358 194246359 194246360 194246361 194246362 194246363 194246364 194246365 194246366 194246370 194246372 194246373 194246374 194246375 194246376 194246377 194246378 194246379 194246380 194246381 194246383 194246384 194246402       
9031 358485511 358485510 358485509 358485508 358485507 358485506 358485505 358485504 358485503 358485502 358485501 358485500 358485499 358485498 358485497 358485496 358485495 358485494 358485493 358485492 358485491 358485490 358485489 358485488 358485487 358485486 358485485 358485484 118136271 358485483 358485482 358485481 358485480      
9606 224589800 224589811 224589815 224589816 224589817 224589818 224589819 224589820 224589821 224589801 224589802 224589803 224589804 224589805 224589806 224589807 224589808 224589809 224589810 224589812 224589813 224589814 224589822 224589823               
6085 na                                      
9103 321724987 321714172 321701227 321701203 321701181 321701162 321701152 321701139 321701135 321701124 321701109 321701100 321701090 321701087 321701083 321701074 321701067 321701064 321701061 321701041 321701037 321701026 321701015 321701005 321701001 321700997 321700991 321700987 321700981 321700971 321695360 321694972       
13616 126361933 126362075 126362809 126362810 126362941 126362942 126362943 126362944 126362945                              
10090 372099109 372099108 372099107 372099106 372099105 372099104 372099103 372099102 372099101 372099100 372099099 372099098 372099097 372099096 372099095 372099094 372099093 372099092 372099091 372099090 372099089                  
7425 341864961 341864960 341864959 341864958 341864957                                  
9258 149712631 149721824 149725021 149727112 149728214 149729612 149731469 149714148 149715145 149716377 149716935 149717714 149717939 149719225 149722085 149737093 149737330 149737646 149742078                    
9986 283562148 283562147 283562146 283562145 283562144 283562143 283562142 283562141 283562140 283562139 283562138 283562137 283562136 283562135 283562134 283562133 283562132 283562131 283562130 283562129 283562128 283562127                 
10116 389675128 389675127 389675126 389675125 389675124 389675123 389675122 389675121 389675120 389675119 389675118 389675117 389675116 389675115 389675114 389675113 389675112 389675111 389675110 389675109 389675108                  
10224 na                                      
7668 na                                      
9823 347618793 347618792 347618791 347618790 347618789 347618788 347618787 347618786 347618785 347618784 347618783 347618782 347618781 347618780 347618779 347618778 347618777 347618776 347618775 347618774                
59729 209446646 209446645 209446644 209446643 209446642 209446641 209446640 209446639 209446638 209446637 209446636 209446635 209446634 209446633 209446632 209446631 209446630 209446629 209446628 209446627 209446626 209446625 209446624 209446623 209446622 209446621 209446620 209446619 209446618 209446617 209446616 209446612 209446614 209446613 209446615 
7070 189313711 189313719 189313718 189313717 189313716 189313715 91192192 189313714 189313713 189313712                          
8364 na                                   
5660 389600016 389600076 389600140 389600188 389600251 389599985 389600307 389600362 389600422 389600499 389600548 154333778 389600680 389600725 389600790 154335056 389600953 389601026 389601118 389601205 389601278 389601362 389601452 389601564 389601702 389601872 389601980 389602139 389602274 389602506 154343652 389602969 389603142 389603493  
5671 339896729 339896747 339896835 339896855 339896892 339896710 339896934 339896968 339896995 339897044 339897070 339897297 339897630 339897715 339897766 339897838 339897877 339897912 339898013 339898054 339898164 339898251 339898284 339898457 339898511 339898577 339898702 339898766 339898829 339898875 339898921 339898944 339899072 339899184 339899319 339899450
5664 389592476 389592817 389592668 389592837 389592846 389592847 389592861 389592869 389592880 389592889 389592892 389592904 389592907 389592918 389592921 389592930 389592932 389592935 389592938 389592944 389593037 389593046 389593057 389593068 389593080 389593105 389593632 389593651 389594250 389594280 389594300 389594349 389595447 389595460 389595420 389595474
5691 115510984 84043935 72387488 72388545 72389697 72390690 72392163 72393718 73747099 73747658                          
5693 na
451804 na
670386 na